[{"id": 0, "img_name": "_DSC8679", "width": 4946, "height": 3286, "position": [-3.0026817933840073, 1.4007726437615278, -2.228400556026331], "rotation": [[0.6356840663395591, -0.03804422066319288, 0.7710112872559864], [0.1589352827320079, 0.9838365806164538, -0.08249338484885188], [-0.7554107119341767, 0.17498062725643193, 0.6314558071472982]], "fy": 4627.300372546341, "fx": 4649.505977743847}, {"id": 1, "img_name": "_DSC8680", "width": 4946, "height": 3286, "position": [-3.049421070679827, 1.6889305417572757, -2.212208693678906], "rotation": [[0.6091377843835456, 0.22589912905207457, 0.7602109859307606], [0.1589273115969446, 0.9043587287285607, -0.3960775169092906], [-0.7769770069087456, 0.3620840693347, 0.5149775310332978]], "fy": 4627.300372546341, "fx": 4649.505977743847}, {"id": 2, "img_name": "_DSC8681", "width": 4946, "height": 3286, "position": [-3.519855447051303, 1.3154964459287442, -1.3672248967717449], "rotation": [[0.439289825255064, 0.014815156739587365, 0.8982232242366909], [0.24268435853732423, 0.9607313504325657, -0.1345346587959623], [-0.8649443632677783, 0.27708443375043645, 0.41844410023860684]], "fy": 4627.300372546341, "fx": 4649.505977743847}, {"id": 3, "img_name": "_DSC8682", "width": 4946, "height": 3286, "position": [-3.5911562647485815, 1.4989298737254977, -1.3566398311746797], "rotation": [[0.47017285890298, 0.3454457682158321, 0.8121605161375257], [0.2015839674573261, 0.8538598926582932, -0.4798824728761529], [-0.8592446606265077, 0.3893462532648046, 0.33182541833545]], "fy": 4627.300372546341, "fx": 4649.505977743847}, {"id": 4, "img_name": "_DSC8683", "width": 4946, "height": 3286, "position": [-3.7067829987449086, 1.0691173262497324, -0.21155858201912806], "rotation": [[0.17296399745884258, -0.005131178026611461, 0.9849147813872614], [0.2392786906212826, 0.9702470012351665, -0.03696572478298074], [-0.9554209353984356, 0.2420628587913184, 0.16904558141564124]], "fy": 4627.300372546341, "fx": 4649.505977743847}, {"id": 5, "img_name": "_DSC8684", "width": 4946, "height": 3286, "position": [-3.7646760655569613, 1.1940236363392691, -0.19473417523469638], "rotation": [[0.18817391792332172, 0.4090482668315133, 0.8928998219372215], [0.22874197390347745, 0.865886541670423, -0.4448793165890898], [-0.9551270522753127, 0.2879583517736024, 0.0693707550463624]], "fy": 4627.300372546341, "fx": 4649.505977743847}, {"id": 6, "img_name": "_DSC8685", "width": 4946, "height": 3286, "position": [-3.560423209612234, 0.7703980387357714, 0.9903767514336348], "rotation": [[-0.09374821340215202, 0.057835148591897, 0.9939146684053202], [0.22021428999069304, 0.9747887886808241, -0.0359511327508129], [-0.9709361147716152, 0.21550385854904047, -0.104120833566946]], "fy": 4627.300372546341, "fx": 4649.505977743847}, {"id": 7, "img_name": "_DSC8686", "width": 4946, "height": 3286, "position": [-3.6445992186793497, 0.9493431792032049, 1.0465376352703726], "rotation": [[-0.1183828214960286, 0.4309885354520238, 0.894558209332159], [0.19808503909517755, 0.893035858859577, -0.40404117621549335], [-0.9730096735702586, 0.1293670634275085, -0.19109248556351335]], "fy": 4627.300372546341, "fx": 4649.505977743847}, {"id": 8, "img_name": "_DSC8687", "width": 4946, "height": 3286, "position": [-3.210451527466955, 0.4288022508643672, 2.0500720221806525], "rotation": [[-0.35078011272559234, 0.020943980094720323, 0.9362236176331019], [0.21591273986488785, 0.9746227786035047, 0.05909423145469673], [-0.9112271952044989, 0.22287168758049092, -0.3464003602693941]], "fy": 4627.300372546341, "fx": 4649.505977743847}, {"id": 9, "img_name": "_DSC8688", "width": 4946, "height": 3286, "position": [-3.2460165677129167, 0.6481258013673801, 2.148316759174018], "rotation": [[-0.33023854599587077, 0.3906684462212507, 0.8592558803206454], [0.22031032050389193, 0.9170861872254663, -0.3322894639914566], [-0.9178267077275567, 0.07956814895000928, -0.38892549961999606]], "fy": 4627.300372546341, "fx": 4649.505977743847}, {"id": 10, "img_name": "_DSC8689", "width": 4946, "height": 3286, "position": [-2.644135950669447, 0.27541779200456656, 2.8557679697739418], "rotation": [[-0.5592310438974878, 0.011338617423202997, 0.8289343009528898], [0.1908830179033078, 0.974800771632747, 0.11544318559502033], [-0.8067368300861509, 0.2227888942006111, -0.5473032026248498]], "fy": 4627.300372546341, "fx": 4649.505977743847}, {"id": 11, "img_name": "_DSC8690", "width": 4946, "height": 3286, "position": [-2.683501222010326, 0.5034338711996924, 2.933314793017075], "rotation": [[-0.573491457974357, 0.4152920129103454, 0.7061445260308399], [0.1712498125058649, 0.9037107105495588, -0.39240343188447985], [-0.801112382470245, -0.10411289858074745, -0.5893890523261884]], "fy": 4627.300372546341, "fx": 4649.505977743847}, {"id": 12, "img_name": "_DSC8691", "width": 4946, "height": 3286, "position": [-1.8863378947424019, 0.004265649819519786, 3.583077384056465], "rotation": [[-0.7993593030512501, -0.015537742998910049, 0.6006523813054594], [0.1286168223794368, 0.9720697524901221, 0.19631125615921521], [-0.5869262454741955, 0.2341772295426958, -0.7750345847362372]], "fy": 4627.300372546341, "fx": 4649.505977743847}, {"id": 13, "img_name": "_DSC8692", "width": 4946, "height": 3286, "position": [-1.9601685571339618, 0.18426157499621162, 3.6863913599333626], "rotation": [[-0.7624678754238005, 0.2608100749218188, 0.592132454579202], [0.15390958871633176, 0.9620002813829766, -0.22553779532540288], [-0.628454117217705, -0.08083046107965097, -0.7736354820674692]], "fy": 4627.300372546341, "fx": 4649.505977743847}, {"id": 14, "img_name": "_DSC8693", "width": 4946, "height": 3286, "position": [-1.143778300180749, -0.07416580236558243, 3.987204523549722], "rotation": [[-0.9128851804544904, -0.00874890578204241, 0.40812265797697206], [0.11073968631394972, 0.9569727402441576, 0.26821613729355653], [-0.3929088560743568, 0.29004591201602015, -0.8726373815859222]], "fy": 4627.300372546341, "fx": 4649.505977743847}, {"id": 15, "img_name": "_DSC8694", "width": 4946, "height": 3286, "position": [-1.1788513112594194, 0.1414377226402365, 4.153511142932496], "rotation": [[-0.9027984433097609, 0.17677960548525273, 0.39205094291679815], [0.1046634849588745, 0.9745159649523718, -0.19840410522267704], [-0.41713370239497016, -0.13808549937421397, -0.8982938657192524]], "fy": 4627.300372546341, "fx": 4649.505977743847}, {"id": 16, "img_name": "_DSC8695", "width": 4946, "height": 3286, "position": [-0.01879624251899167, -0.19782204951891333, 4.405346391019566], "rotation": [[-0.9953674312474307, 0.05127120549683862, 0.08133228325082693], [0.0702769867786712, 0.9652866476837574, 0.25156079371150786], [-0.06561114189832597, 0.25611120883388583, -0.9644180767532534]], "fy": 4627.300372546341, "fx": 4649.505977743847}, {"id": 17, "img_name": "_DSC8696", "width": 4946, "height": 3286, "position": [-0.011741195554538451, 0.04224815896672826, 4.529472643536323], "rotation": [[-0.9996861077815344, -0.007157594051052914, -0.024009472214249546], [-0.0005449719434616821, 0.9643076225042814, -0.26478389714203], [0.02504773271550399, -0.26468769904840794, -0.9640088345333108]], "fy": 4627.300372546341, "fx": 4649.505977743847}, {"id": 18, "img_name": "_DSC8697", "width": 4946, "height": 3286, "position": [1.3313249563630594, -0.2844427434813263, 4.219606449324448], "rotation": [[-0.9493027910571329, 0.06827421233432246, -0.30685964677889016], [-0.026589554267470145, 0.9551945268689265, 0.29478197272476636], [0.31323666211826906, 0.28799661069147253, -0.9049534494852371]], "fy": 4627.300372546341, "fx": 4649.505977743847}, {"id": 19, "img_name": "_DSC8698", "width": 4946, "height": 3286, "position": [1.408443822503621, -0.08030060233409496, 4.370087693218229], "rotation": [[-0.9468677139862611, -0.1465441399593825, -0.28629765499213733], [-0.0631248750892035, 0.957527456782548, -0.28134750692429883], [0.3153676938993663, -0.24832636700743405, -0.9159024146127605]], "fy": 4627.300372546341, "fx": 4649.505977743847}, {"id": 20, "img_name": "_DSC8699", "width": 4946, "height": 3286, "position": [2.444882199350332, -0.16638733709773823, 3.511486613377409], "rotation": [[-0.8145111193781568, 0.0812975907135438, -0.5744234832886924], [-0.08244891676352246, 0.9638616020863849, 0.25332387994026356], [0.5742593599880311, 0.253695710976044, -0.7783730941511889]], "fy": 4627.300372546341, "fx": 4649.505977743847}, {"id": 21, "img_name": "_DSC8700", "width": 4946, "height": 3286, "position": [2.4978703152138024, 0.08040303741880113, 3.6514363215421515], "rotation": [[-0.8311611307663318, -0.23310117548627657, -0.5048118626678152], [-0.10248467764864565, 0.9565517413163765, -0.27295724396297133], [0.5465053206973253, -0.17513597052440133, -0.8189379257782545]], "fy": 4627.300372546341, "fx": 4649.505977743847}, {"id": 22, "img_name": "_DSC8701", "width": 4946, "height": 3286, "position": [3.185699502002197, 0.07385085055292719, 2.6309580991019077], "rotation": [[-0.6613952451356382, 0.09012149818828381, -0.7446035490623639], [-0.12463149105116063, 0.9657479829471081, 0.22759135500268152], [0.7396102494897793, 0.2433288905943791, -0.6275091472255805]], "fy": 4627.300372546341, "fx": 4649.505977743847}, {"id": 23, "img_name": "_DSC8702", "width": 4946, "height": 3286, "position": [3.2185216426732954, 0.3309644607762085, 2.6894090705384857], "rotation": [[-0.6304793649476182, -0.3038625107585632, -0.7142571980251579], [-0.17164045187699534, 0.9519883614545607, -0.2534910549398563], [0.7569909680139576, -0.03722545111294786, -0.6523641162224735]], "fy": 4627.300372546341, "fx": 4649.505977743847}, {"id": 24, "img_name": "_DSC8703", "width": 4946, "height": 3286, "position": [3.5358144848953494, 0.21167122796431206, 1.7255387050894102], "rotation": [[-0.4379432075550934, 0.13464041664943194, -0.8888631532248501], [-0.1858211969061234, 0.9538128653926723, 0.23603283795225583], [0.8795886707641997, 0.26853859315913514, -0.3926968223036448]], "fy": 4627.300372546341, "fx": 4649.505977743847}, {"id": 25, "img_name": "_DSC8704", "width": 4946, "height": 3286, "position": [3.5871074654299844, 0.42918429681167836, 1.7590187471012866], "rotation": [[-0.4095717580719534, -0.4532257116868465, -0.7917306544878759], [-0.20433168480552802, 0.8913871481041717, -0.40457077845445755], [0.8891004091633199, -0.003925106452439922, -0.4576953746379281]], "fy": 4627.300372546341, "fx": 4649.505977743847}, {"id": 26, "img_name": "_DSC8705", "width": 4946, "height": 3286, "position": [3.733813278027765, 0.347370758389154, 0.6218597987009847], "rotation": [[-0.16590926683621443, 0.11918243775260409, -0.9789124893008652], [-0.22371194522960341, 0.9622405432194573, 0.1550680577885417], [0.9604306746139759, 0.24472164496846258, -0.1329820880587797]], "fy": 4627.300372546341, "fx": 4649.505977743847}, {"id": 27, "img_name": "_DSC8706", "width": 4946, "height": 3286, "position": [3.815358354933877, 0.8196950692957214, 0.7660948408440762], "rotation": [[-0.1508553186940155, -0.19817366344690493, -0.9684884469820796], [-0.27277085792318895, 0.950011017176681, -0.15190499106604516], [0.950178263216737, 0.24125974873351896, -0.1973702149552077]], "fy": 4627.300372546341, "fx": 4649.505977743847}, {"id": 28, "img_name": "_DSC8707", "width": 4946, "height": 3286, "position": [3.8375405200125643, 0.6443683475821862, -0.42165450332704985], "rotation": [[0.08542226661698935, 0.1393858049697338, -0.9865468228821961], [-0.2402368098012987, 0.963833397817643, 0.11537528534218999], [0.9669484534257814, 0.22714924306331394, 0.11581843460025235]], "fy": 4627.300372546341, "fx": 4649.505977743847}, {"id": 29, "img_name": "_DSC8708", "width": 4946, "height": 3286, "position": [3.8924433753026193, 1.016946573350953, -0.35728555992974076], "rotation": [[0.10435453994932224, -0.2816890659812412, -0.9538141328888877], [-0.24647357734965245, 0.9218072395867352, -0.29920258808029776], [0.9635148704926302, 0.266313129890547, 0.02676585861634962]], "fy": 4627.300372546341, "fx": 4649.505977743847}, {"id": 30, "img_name": "_DSC8709", "width": 4946, "height": 3286, "position": [3.552824574611161, 0.8828409988686645, -1.5148317579632906], "rotation": [[0.38630998802315697, 0.08696870614915178, -0.9182597874808035], [-0.20616310944500407, 0.978499600985891, 0.005941647449961916], [0.899033573042473, 0.18701597531011852, 0.3959339080216413]], "fy": 4627.300372546341, "fx": 4649.505977743847}, {"id": 31, "img_name": "_DSC8710", "width": 4946, "height": 3286, "position": [3.7248032792155574, 1.370858644110892, -1.4586478253900486], "rotation": [[0.3897544897152772, -0.20804735156511373, -0.8971107720084103], [-0.24898148895309347, 0.9140635105962673, -0.3201501472046018], [0.8866226118848337, 0.3481439330265135, 0.3044604177743733]], "fy": 4627.300372546341, "fx": 4649.505977743847}, {"id": 32, "img_name": "_DSC8711", "width": 4946, "height": 3286, "position": [3.0962633641916413, 1.1746545026650796, -2.45069640463363], "rotation": [[0.6276456611178438, 0.129042997086495, -0.7677296587880916], [-0.1789351526713584, 0.9836763384675397, 0.01905445558320089], [0.7576563437459112, 0.12541437733381844, 0.6404905141682804]], "fy": 4627.300372546341, "fx": 4649.505977743847}, {"id": 33, "img_name": "_DSC8712", "width": 4946, "height": 3286, "position": [3.2236067466708755, 1.6860125110936268, -2.4351866624047016], "rotation": [[0.6645470584596853, -0.17205693264870792, -0.7271682192038493], [-0.211078213570852, 0.8902765625730819, -0.4035512729366562], [0.7168146167931546, 0.42166818004276274, 0.5553132008975719]], "fy": 4627.300372546341, "fx": 4649.505977743847}, {"id": 34, "img_name": "_DSC8713", "width": 4946, "height": 3286, "position": [2.548471641608698, 1.2119729384217404, -2.9192600564203044], "rotation": [[0.7869279745427683, 0.11620350464362049, -0.6060042148290361], [-0.14846127575693288, 0.9889131827270777, -0.0031569968681072836], [0.5989187027323829, 0.09245248799865464, 0.7954551684288803]], "fy": 4627.300372546341, "fx": 4649.505977743847}, {"id": 35, "img_name": "_DSC8714", "width": 4946, "height": 3286, "position": [2.6442453944563367, 1.7868238650655766, -2.9537045437733416], "rotation": [[0.8287144969363195, -0.14331432749872544, -0.5410113548726782], [-0.16621060954463537, 0.860025685842965, -0.4824208255922813], [0.5344214777143446, 0.48971095885626814, 0.6888953918656233]], "fy": 4627.300372546341, "fx": 4649.505977743847}, {"id": 36, "img_name": "_DSC8715", "width": 4946, "height": 3286, "position": [1.887818157552948, 1.342544941186961, -3.500992142319407], "rotation": [[0.9332253784423998, 0.06951593351356002, -0.3525023801604439], [-0.09792402300948856, 0.9931732293722567, -0.06338629328112], [0.3456895699159535, 0.09367214872106493, 0.9336617427126923]], "fy": 4627.300372546341, "fx": 4649.505977743847}, {"id": 37, "img_name": "_DSC8716", "width": 4946, "height": 3286, "position": [1.894831929343811, 1.9230888824946901, -3.4830765590051747], "rotation": [[0.9426279270956568, -0.058760198937112526, -0.3286332759782795], [-0.13516637779956703, 0.8329219574708981, -0.5366293535350001], [0.30525831908711315, 0.5502619846797691, 0.7771930949541382]], "fy": 4627.300372546341, "fx": 4649.505977743847}, {"id": 38, "img_name": "_DSC8717", "width": 4946, "height": 3286, "position": [0.8191621615009702, 1.368532301462036, -3.8336586756483753], "rotation": [[0.9988133743996495, 0.01642737474482136, -0.04584740428179814], [-0.022607717907251086, 0.9902125679893213, -0.137724221860281], [0.043136228525586184, 0.13859729995561584, 0.989408941860544]], "fy": 4627.300372546341, "fx": 4649.505977743847}, {"id": 39, "img_name": "_DSC8718", "width": 4946, "height": 3286, "position": [0.8438213337867752, 2.00892994812942, -3.8730366234455538], "rotation": [[0.9946646210725802, 0.035729020925501294, -0.09677669476813953], [-0.07966437417923468, 0.8620487804665083, -0.5005252117354693], [0.06554295593861666, 0.5055643748919723, 0.8602957536608662]], "fy": 4627.300372546341, "fx": 4649.505977743847}, {"id": 40, "img_name": "_DSC8719", "width": 4946, "height": 3286, "position": [-0.04774771700919393, 1.3736281210574213, -3.791160728184646], "rotation": [[0.982320170024241, -0.012188056404746966, 0.1868114954830704], [0.03363250900107311, 0.9931324589140686, -0.11205700955133845], [-0.18416280270955712, 0.11635879997821705, 0.9759839608137986]], "fy": 4627.300372546341, "fx": 4649.505977743847}, {"id": 41, "img_name": "_DSC8720", "width": 4946, "height": 3286, "position": [-0.10055242105458756, 1.9407986767257241, -3.8452022444763103], "rotation": [[0.9854632361938678, 0.08275599945232842, 0.14836999246800361], [0.021473841982818483, 0.8056547515637379, -0.59199602650125], [-0.16852621226624112, 0.5865763938630825, 0.7921660494755981]], "fy": 4627.300372546341, "fx": 4649.505977743847}, {"id": 42, "img_name": "_DSC8721", "width": 4946, "height": 3286, "position": [-1.000067346593514, 1.3030275123119874, -3.4104379878670392], "rotation": [[0.8962011955455543, -0.056127520925908364, 0.44008308135786267], [0.10143408885828518, 0.9916127615186086, -0.0800952983072589], [-0.431896449071081, 0.11642092848002457, 0.8943777863361994]], "fy": 4627.300372546341, "fx": 4649.505977743847}, {"id": 43, "img_name": "_DSC8722", "width": 4946, "height": 3286, "position": [-1.1284845495374394, 1.928559127906109, -3.4179263543513243], "rotation": [[0.8899216488775051, 0.18475451797494083, 0.4170194563170761], [0.06814344615069784, 0.8501727869342871, -0.5220753806713112], [-0.4509943786854216, 0.4930233264707004, 0.743997358832621]], "fy": 4627.300372546341, "fx": 4649.505977743847}, {"id": 44, "img_name": "_DSC8723", "width": 4946, "height": 3286, "position": [-1.8215510225820692, 1.6528517402970162, -2.8956686708910437], "rotation": [[0.788055222324444, 0.022815936826534995, 0.6151815988745912], [0.1316025961074189, 0.9699672387482756, -0.20455882394273103], [-0.6013731979935243, 0.2421631449700247, 0.7613851114602045]], "fy": 4627.300372546341, "fx": 4649.505977743847}, {"id": 45, "img_name": "_DSC8724", "width": 4946, "height": 3286, "position": [-1.8502822053511754, 1.9591152213463163, -2.8682896755588225], "rotation": [[0.7758670460244371, 0.2173837214218708, 0.5922623105973335], [0.13327770531330105, 0.8611019699735717, -0.490653085768402], [-0.6166582361079228, 0.459616921977871, 0.639128238205646]], "fy": 4627.300372546341, "fx": 4649.505977743847}, {"id": 46, "img_name": "_DSC8725", "width": 4946, "height": 3286, "position": [-2.3510692973111067, 1.0796644513717537, -2.137478672580609], "rotation": [[0.6799932782045148, -0.013426493935922441, 0.7330954036530759], [0.1585635842971564, 0.978865572097905, -0.12915022840196508], [-0.7158678169407506, 0.20406352202691638, 0.6677509622954162]], "fy": 4627.300372546341, "fx": 4649.505977743847}, {"id": 47, "img_name": "_DSC8726", "width": 4946, "height": 3286, "position": [-2.5155815189231534, 1.7517381242432013, -2.104413793212771], "rotation": [[0.6447601340611959, 0.3007101344075036, 0.7027501580149305], [0.1586195282535949, 0.8467188538935744, -0.5078454762206304], [-0.7477460897804789, 0.4389084158748531, 0.4982320620877698]], "fy": 4627.300372546341, "fx": 4649.505977743847}, {"id": 48, "img_name": "_DSC8727", "width": 4946, "height": 3286, "position": [-2.9416041118110456, 0.7734839764361523, -1.4627972184811224], "rotation": [[0.47071937708251366, -0.13666297110523165, 0.8716343845717313], [0.19854321338522737, 0.9789990943647878, 0.046274892237513354], [-0.8596533373736871, 0.1512746031613239, 0.487967349297743]], "fy": 4627.300372546341, "fx": 4649.505977743847}, {"id": 49, "img_name": "_DSC8728", "width": 4946, "height": 3286, "position": [-3.02875274967242, 1.0859386384756644, -1.449006160194985], "rotation": [[0.44447458722611805, 0.2358198474483467, 0.8641940412081135], [0.23913434220800533, 0.8984804061458825, -0.36816806780147926], [-0.8632827507178146, 0.3702998235502801, 0.3429590835532935]], "fy": 4627.300372546341, "fx": 4649.505977743847}, {"id": 50, "img_name": "_DSC8729", "width": 4946, "height": 3286, "position": [-3.189785782684506, 0.635455309116846, -0.7395355943379057], "rotation": [[0.2830354441809914, -0.2094035330884226, 0.9359706713713604], [0.22652451052675843, 0.9628610500467235, 0.1469191765343571], [-0.9319750980943009, 0.17043696381069157, 0.319958837819979]], "fy": 4627.300372546341, "fx": 4649.505977743847}, {"id": 51, "img_name": "_DSC8730", "width": 4946, "height": 3286, "position": [-3.3322207454410857, 0.9108239535182282, -0.7009760877979787], "rotation": [[0.3270816442860891, 0.26396858751669966, 0.9073798448144784], [0.21157225592515544, 0.9153645237227478, -0.3425565197636266], [-0.9210074801508666, 0.3040203504936238, 0.24355050398610417]], "fy": 4627.300372546341, "fx": 4649.505977743847}, {"id": 52, "img_name": "_DSC8731", "width": 4946, "height": 3286, "position": [-3.3063184395576473, 0.42041216844505297, -0.11148275601726836], "rotation": [[0.15188634980046245, -0.20674270546020881, 0.9665340089636191], [0.22615637554116974, 0.9592064199690118, 0.16963589741653415], [-0.9621766108913545, 0.19282245105076548, 0.19244654277071907]], "fy": 4627.300372546341, "fx": 4649.505977743847}, {"id": 53, "img_name": "_DSC8732", "width": 4946, "height": 3286, "position": [-3.510954514494845, 0.8018070864968749, -0.0322862821200483], "rotation": [[0.16051779450134374, 0.2547287754553444, 0.9535970263184783], [0.2654504092079959, 0.9193895002464064, -0.29027405514094873], [-0.9506682480759161, 0.29972687198795467, 0.07996051718557298]], "fy": 4627.300372546341, "fx": 4649.505977743847}, {"id": 54, "img_name": "_DSC8733", "width": 4946, "height": 3286, "position": [-3.1547016168580804, 0.1084624132227081, 0.8062256269962963], "rotation": [[-0.1314137898033776, -0.18331759539740278, 0.9742305040734598], [0.229164003332909, 0.9505164594328142, 0.20976729946238518], [-0.964476166333802, 0.25082487828168404, -0.08290117616192319]], "fy": 4627.300372546341, "fx": 4649.505977743847}, {"id": 55, "img_name": "_DSC8734", "width": 4946, "height": 3286, "position": [-3.426368001463492, 0.5029114198137016, 0.9425065327432007], "rotation": [[-0.10119682379368683, 0.20994755421163036, 0.9724614271705709], [0.20360751829100723, 0.9611601940382356, -0.18631977858444967], [-0.9738085958490231, 0.17914548801724173, -0.14001325927789]], "fy": 4627.300372546341, "fx": 4649.505977743847}, {"id": 56, "img_name": "_DSC8735", "width": 4946, "height": 3286, "position": [-2.9989844207149874, -0.12805874554383206, 1.5083195202859234], "rotation": [[-0.3011713305238221, -0.2518675323196371, 0.9197057006639281], [0.19217326770136056, 0.928666228731101, 0.31725143151030094], [-0.9340049597574374, 0.2722898855587011, -0.23128543700574317]], "fy": 4627.300372546341, "fx": 4649.505977743847}, {"id": 57, "img_name": "_DSC8736", "width": 4946, "height": 3286, "position": [-3.2254472000477334, 0.3254662174950631, 1.6934243716205337], "rotation": [[-0.30806010353351365, 0.20098142084395446, 0.9298953925504019], [0.19854257542138823, 0.9694908016290621, -0.14376519502884183], [-0.9304191627196652, 0.14033550524433883, -0.3385648056308466]], "fy": 4627.300372546341, "fx": 4649.505977743847}, {"id": 58, "img_name": "_DSC8737", "width": 4946, "height": 3286, "position": [-2.6747631944549135, -0.4309249175711902, 2.0780759474664663], "rotation": [[-0.44918733935195776, -0.2422857009238355, 0.8599583555578457], [0.1814702908087416, 0.9177218210773607, 0.3533485427623036], [-0.8748138474668191, 0.31477658465378033, -0.3682613664695247]], "fy": 4627.300372546341, "fx": 4649.505977743847}, {"id": 59, "img_name": "_DSC8738", "width": 4946, "height": 3286, "position": [-2.8836398926338194, 0.0829791441094825, 2.348480906891489], "rotation": [[-0.41309617949371, 0.13823733827872733, 0.9001344259572082], [0.18204828682213775, 0.9809968552697056, -0.06710880133092191], [-0.8923059832550854, 0.13614554071493196, -0.430411923615754]], "fy": 4627.300372546341, "fx": 4649.505977743847}, {"id": 60, "img_name": "_DSC8739", "width": 4946, "height": 3286, "position": [-2.331112871226316, -0.3564368311514767, 2.7301112552474573], "rotation": [[-0.6183710259350071, -0.20681240197834344, 0.7581859301464482], [0.15657630480348078, 0.9129895870537725, 0.3767411242557275], [-0.7701305961057345, 0.351679746814243, -0.5321843859251187]], "fy": 4627.300372546341, "fx": 4649.505977743847}, {"id": 61, "img_name": "_DSC8741", "width": 4946, "height": 3286, "position": [-2.3806795446432965, 0.03095861209935249, 3.032595687853335], "rotation": [[-0.6515564009502164, 0.17948430346992464, 0.7370614907785623], [0.1741793895869226, 0.9810450497659055, -0.08492438149871491], [-0.7383331203622978, 0.07304789618961131, -0.6704686482143247]], "fy": 4627.300372546341, "fx": 4649.505977743847}, {"id": 62, "img_name": "_DSC8742", "width": 4946, "height": 3286, "position": [-1.743192528123527, -0.5501704779185064, 3.4431656294408652], "rotation": [[-0.8387388574712068, -0.1081841637128381, 0.533679038083423], [0.12078504168146381, 0.9186896328563493, 0.37605894775722765], [-0.530969022329835, 0.3798756970431514, -0.7574736643092472]], "fy": 4627.300372546341, "fx": 4649.505977743847}, {"id": 63, "img_name": "_DSC8743", "width": 4946, "height": 3286, "position": [-1.8602754353924806, -0.21698937644392252, 3.766296133232661], "rotation": [[-0.7872085146231419, 0.1245158332581899, 0.6039855642089841], [0.15636443885447804, 0.9876994131609804, 0.00017749134830809138], [-0.5965340868437867, 0.09458158652440318, -0.796995236324519]], "fy": 4627.300372546341, "fx": 4649.505977743847}, {"id": 64, "img_name": "_DSC8744", "width": 4946, "height": 3286, "position": [-0.8339445480130099, -0.6720405566037148, 3.8914013610494163], "rotation": [[-0.9605828143732397, -0.05038907977749695, 0.27338909519211313], [0.07720676495952923, 0.8963900388262042, 0.4364905654623476], [-0.26705761957912605, 0.4403928234341848, -0.8571664884329047]], "fy": 4627.300372546341, "fx": 4649.505977743847}, {"id": 65, "img_name": "_DSC8745", "width": 4946, "height": 3286, "position": [-0.9338319359338232, -0.3137970064606935, 4.270278334469987], "rotation": [[-0.9472752117454624, 0.06307713013444333, 0.31415115608030575], [0.06778654908308479, 0.997691513689945, 0.004077655511779862], [-0.31316873562984643, 0.025157884749491793, -0.9493642208651719]], "fy": 4627.300372546341, "fx": 4649.505977743847}, {"id": 66, "img_name": "_DSC8746", "width": 4946, "height": 3286, "position": [0.030194174830441525, -0.8237408407433323, 3.999999833187968], "rotation": [[-0.9996269357798062, 0.004868355707185785, 0.026875423274494326], [0.016119147869633903, 0.8995076849477227, 0.436607487100193], [-0.02204908922000627, 0.43687781339030796, -0.8992505845602055]], "fy": 4627.300372546341, "fx": 4649.505977743847}, {"id": 67, "img_name": "_DSC8747", "width": 4946, "height": 3286, "position": [0.06705729899331442, -0.3690290719883314, 4.392179290868415], "rotation": [[-0.9982148214897864, 0.02875620048571377, 0.05234740768881921], [0.03129006153740921, 0.9983452266768137, 0.04824666227426158], [-0.05087339390191259, 0.04979848697748704, -0.997462785515156]], "fy": 4627.300372546341, "fx": 4649.505977743847}, {"id": 68, "img_name": "_DSC8748", "width": 4946, "height": 3286, "position": [1.0440382033563818, -0.9780265703529968, 3.959932136245865], "rotation": [[-0.9827993319763296, 0.07415524763228903, -0.16913447997222195], [-0.019832818260991453, 0.8681639235252453, 0.49588109583757933], [0.18360863919409276, 0.49070602313181966, -0.8517602165371703]], "fy": 4627.300372546341, "fx": 4649.505977743847}, {"id": 69, "img_name": "_DSC8749", "width": 4946, "height": 3286, "position": [1.1121031218410116, -0.4809540353541508, 4.347120920797], "rotation": [[-0.9741360773099068, 0.04845319178044699, -0.22070611928434306], [0.01802892991234107, 0.990291651113604, 0.13783106841676868], [0.2252417824682697, 0.13028712116314217, -0.9655523836071955]], "fy": 4627.300372546341, "fx": 4649.505977743847}, {"id": 70, "img_name": "_DSC8750", "width": 4946, "height": 3286, "position": [1.9180715237867672, -0.7255065008939672, 3.5043460122384067], "rotation": [[-0.8619096231832295, 0.1783945326507511, -0.47464427962892686], [-0.07895141062234119, 0.87743608230482, 0.47315176870673514], [0.5008777058573133, 0.4452878980950295, -0.7421861030666264]], "fy": 4627.300372546341, "fx": 4649.505977743847}, {"id": 71, "img_name": "_DSC8751", "width": 4946, "height": 3286, "position": [2.060198334601167, -0.3646675012760774, 3.819335130619121], "rotation": [[-0.8937171983155417, -0.014109228523555773, -0.4484088526172171], [-0.074781460660785, 0.9902070205576458, 0.11788888658304301], [0.4423542727005792, 0.13889199440147804, -0.8860201528829476]], "fy": 4627.300372546341, "fx": 4649.505977743847}, {"id": 72, "img_name": "_DSC8752", "width": 4946, "height": 3286, "position": [2.6309284656864853, -0.6254955747548785, 2.994616546091933], "rotation": [[-0.7716846015858898, 0.20503272177093784, -0.602050212755072], [-0.1283140580745234, 0.8769568464840904, 0.4631222213467275], [0.6229272655580859, 0.4346357928287552, -0.6504255141186]], "fy": 4627.300372546341, "fx": 4649.505977743847}, {"id": 73, "img_name": "_DSC8753", "width": 4946, "height": 3286, "position": [2.7557973656714507, -0.2548133700633628, 3.2625984245547097], "rotation": [[-0.8129973619880269, -0.06108003316530732, -0.5790548496895903], [-0.12295133695282624, 0.9900672133493934, 0.06819004173689465], [0.5691381713977912, 0.12663389198430178, -0.8124319043826912]], "fy": 4627.300372546341, "fx": 4649.505977743847}, {"id": 74, "img_name": "_DSC8754", "width": 4946, "height": 3286, "position": [3.1131737417917362, -0.46813881390999845, 2.1291637191438264], "rotation": [[-0.5967044228865898, 0.28564489124077846, -0.7499005452829228], [-0.15325526274332396, 0.8767348723000205, 0.4559043629255387], [0.7876907109704011, 0.38696635486965836, -0.47937499314193815]], "fy": 4627.300372546341, "fx": 4649.505977743847}, {"id": 75, "img_name": "_DSC8755", "width": 4946, "height": 3286, "position": [3.3323108315695436, -0.017467572023081863, 2.401565782783173], "rotation": [[-0.6000373877506847, -0.11993169554995087, -0.7909307945097653], [-0.17360126655356478, 0.9846586492689042, -0.01760524555168377], [0.7809082747367535, 0.1267427821315708, -0.6116522979808189]], "fy": 4627.300372546341, "fx": 4649.505977743847}, {"id": 76, "img_name": "_DSC8756", "width": 4946, "height": 3286, "position": [3.3441126004880544, -0.17999969630271828, 1.2251000436037915], "rotation": [[-0.3614556866860033, 0.3378153762109025, -0.8690400210334595], [-0.1697962416909955, 0.8926226927101274, 0.41760503441234376], [0.916798245455325, 0.298505443927591, -0.2652837670790073]], "fy": 4627.300372546341, "fx": 4649.505977743847}, {"id": 77, "img_name": "_DSC8757", "width": 4946, "height": 3286, "position": [3.598691383919432, 0.2404142067574722, 1.4359023361999712], "rotation": [[-0.42105111546490653, -0.0849561977807657, -0.9030495017574577], [-0.2004758770974662, 0.9796977685035189, 0.0013057914179001972], [0.8846046466460366, 0.1815894458603276, -0.4295345065118512]], "fy": 4627.300372546341, "fx": 4649.505977743847}, {"id": 78, "img_name": "_DSC8758", "width": 4946, "height": 3286, "position": [3.5684832740244703, 0.0033130092827666257, 0.39250371512028526], "rotation": [[-0.1432349959146313, 0.31185052208530456, -0.9392725844079864], [-0.23568014228840808, 0.9110081578689223, 0.33840657030735766], [0.9612172524857485, 0.26983956005633397, -0.05699127435277192]], "fy": 4627.300372546341, "fx": 4649.505977743847}, {"id": 79, "img_name": "_DSC8759", "width": 4946, "height": 3286, "position": [3.860197335705154, 0.48058317328950334, 0.5487797791777176], "rotation": [[-0.12570701838593448, -0.09704947970034473, -0.9873090417991779], [-0.21262163620924845, 0.9747137421929134, -0.06873980357834018], [0.969014853004958, 0.20128218815925855, -0.14316317747801113]], "fy": 4627.300372546341, "fx": 4649.505977743847}, {"id": 80, "img_name": "_DSC8760", "width": 4946, "height": 3286, "position": [3.6775747468028133, 0.2600193911861601, -0.6412306531846258], "rotation": [[0.1640519283259959, 0.2991686461432959, -0.9399920669757322], [-0.23926002984441766, 0.936515951288003, 0.256305503456276], [0.9569961352750441, 0.18285511791556228, 0.22521634692161038]], "fy": 4627.300372546341, "fx": 4649.505977743847}, {"id": 81, "img_name": "_DSC8761", "width": 4946, "height": 3286, "position": [3.9532590238141867, 0.7189914533034975, -0.5858297781610553], "rotation": [[0.1361236847621914, -0.1378635060680186, -0.9810524940804122], [-0.24238991700981108, 0.9555381975161632, -0.1679103368454088], [0.9605818396049036, 0.26065380638347707, 0.09665465658241416]], "fy": 4627.300372546341, "fx": 4649.505977743847}, {"id": 82, "img_name": "_DSC8762", "width": 4946, "height": 3286, "position": [3.542737254434706, 0.19038736772916107, -1.4289010126770938], "rotation": [[0.319345252911796, 0.3455719926318608, -0.8823823475972], [-0.27030070546349877, 0.9256732188667041, 0.2647010020738302], [0.908270960709763, 0.15397756259078835, 0.3890177015894829]], "fy": 4627.300372546341, "fx": 4649.505977743847}, {"id": 83, "img_name": "_DSC8763", "width": 4946, "height": 3286, "position": [3.9154652497451603, 0.8447293195402745, -1.3770798678842509], "rotation": [[0.2795297194905264, -0.10185572346977742, -0.9547190935128488], [-0.23316052633673742, 0.9573910068097863, -0.17040724467615517], [0.9313964273497743, 0.2702366956506678, 0.24387050548166977]], "fy": 4627.300372546341, "fx": 4649.505977743847}, {"id": 84, "img_name": "_DSC8764", "width": 4946, "height": 3286, "position": [3.3738497487984036, 0.7272414375816406, -2.3693032946268504], "rotation": [[0.6009575616771243, 0.25941597260377053, -0.7560114828632728], [-0.23150561668570274, 0.9618141002665029, 0.1460095406865928], [0.7650197111879261, 0.08727536700912293, 0.6380657111985921]], "fy": 4627.300372546341, "fx": 4649.505977743847}, {"id": 85, "img_name": "_DSC8765", "width": 4946, "height": 3286, "position": [3.532210511044078, 1.2355402179368313, -2.3685816080613216], "rotation": [[0.5723638493061711, -0.10460000374634448, -0.8133009671847732], [-0.21686015652641025, 0.9372083922063122, -0.2731521592252202], [0.7908042087133601, 0.33271499634720997, 0.5137406297801571]], "fy": 4627.300372546341, "fx": 4649.505977743847}, {"id": 86, "img_name": "_DSC8766", "width": 4946, "height": 3286, "position": [2.8908477284854213, 0.9122572671145261, -2.9935485745268027], "rotation": [[0.7608142146675092, 0.23307402648567208, -0.6056717171352957], [-0.193250918586798, 0.9723092147413093, 0.131411085508406], [0.6195287025031365, 0.01706719387875635, 0.7847884413444715]], "fy": 4627.300372546341, "fx": 4649.505977743847}, {"id": 87, "img_name": "_DSC8767", "width": 4946, "height": 3286, "position": [2.992104496021371, 1.40811580307155, -3.0208138875968533], "rotation": [[0.7266918880494212, -0.09016268994425014, -0.6810209902676895], [-0.17671919328112448, 0.9334509790303624, -0.3121531618826347], [0.663844278855543, 0.3471886505767071, 0.6623977765221507]], "fy": 4627.300372546341, "fx": 4649.505977743847}, {"id": 88, "img_name": "_DSC8768", "width": 4946, "height": 3286, "position": [2.040930132634789, 1.229783294990366, -3.479506330113202], "rotation": [[0.9256566595017035, 0.09616188988027535, -0.36594075976146917], [-0.10180449213948234, 0.9947967984507644, 0.003895532355295559], [0.36441129798672484, 0.033648487733669, 0.9306299936993581]], "fy": 4627.300372546341, "fx": 4649.505977743847}, {"id": 89, "img_name": "_DSC8769", "width": 4946, "height": 3286, "position": [2.0794983368622892, 1.6375741704783906, -3.5795275646525617], "rotation": [[0.8988410440635138, -0.07288290920491222, -0.4321722562273533], [-0.10506572320057894, 0.9214902560825872, -0.3739209833015354], [0.4254949721385105, 0.38150201767576053, 0.8206157683070511]], "fy": 4627.300372546341, "fx": 4649.505977743847}, {"id": 90, "img_name": "_DSC8770", "width": 4946, "height": 3286, "position": [0.8505210387104147, 1.2786497978664266, -3.8861083125783837], "rotation": [[0.9996224192380182, 0.006560163662149805, -0.026683013500304952], [-0.006730664941499697, 0.9999574710656184, -0.00630509393253633], [0.026640516252072022, 0.006482307673864982, 0.9996240606253155]], "fy": 4627.300372546341, "fx": 4649.505977743847}, {"id": 91, "img_name": "_DSC8771", "width": 4946, "height": 3286, "position": [0.8707362392232406, 1.7511895418360537, -3.997539731133886], "rotation": [[0.9987748630340838, 0.03694126076228042, 0.032925920253508795], [-0.021095101624184567, 0.9197275186125686, -0.391990163389635], [-0.04476348577482037, 0.3908153461163732, 0.9193800060808517]], "fy": 4627.300372546341, "fx": 4649.505977743847}, {"id": 92, "img_name": "_DSC8772", "width": 4946, "height": 3286, "position": [-0.22144948339985293, 1.222998689678804, -3.7007977417519395], "rotation": [[0.9759208408353727, -0.030895936030308317, 0.2159258056833192], [0.03218444146151553, 0.9994789369164395, -0.002452832687839792], [-0.21573751215537296, 0.009343221992190459, 0.9764066929573018]], "fy": 4627.300372546341, "fx": 4649.505977743847}, {"id": 93, "img_name": "_DSC8773", "width": 4946, "height": 3286, "position": [-0.25642962806735475, 1.7160717945743371, -3.795739906013667], "rotation": [[0.9708083888276587, 0.05872299377729496, 0.23255683645869704], [0.054280868151813634, 0.8906248989797111, -0.45148740477455723], [-0.23363360103917158, 0.45093114698278636, 0.8614385881455844]], "fy": 4627.300372546341, "fx": 4649.505977743847}, {"id": 94, "img_name": "_DSC8774", "width": 4946, "height": 3286, "position": [-0.9576187810068596, 0.7846914789307418, -3.2503515782610437], "rotation": [[0.9074730503759112, -0.13581753112797387, 0.39755032521649464], [0.11660194479333824, 0.9905477230620122, 0.07224399495511362], [-0.4036045704793866, -0.019204337399791497, 0.9147319520565491]], "fy": 4627.300372546341, "fx": 4649.505977743847}, {"id": 95, "img_name": "_DSC8775", "width": 4946, "height": 3286, "position": [-1.0720126500096177, 1.579299917803164, -3.40863775877316], "rotation": [[0.9127824897245492, 0.09895401103841744, 0.39627797081299126], [0.08199151935169417, 0.906068362363757, -0.41511144705712516], [-0.4001318747696238, 0.41139789307052643, 0.8189299459480509]], "fy": 4627.300372546341, "fx": 4649.505977743847}, {"id": 96, "img_name": "_DSC8776", "width": 4946, "height": 3286, "position": [-1.7459054255695603, 0.6038640646024978, -2.6494880145289614], "rotation": [[0.7981536214216348, -0.1713427486329422, 0.577574635092676], [0.1537414924394375, 0.9848899569089093, 0.07972030031592442], [-0.5825069528460788, 0.025168139996336117, 0.8124359757021479]], "fy": 4627.300372546341, "fx": 4649.505977743847}, {"id": 97, "img_name": "_DSC8777", "width": 4946, "height": 3286, "position": [-1.9198450714722677, 1.480013272695701, -2.708264479887037], "rotation": [[0.8319396208888062, 0.11715002664544755, 0.5423581274880651], [0.12562313152297544, 0.9123092948793003, -0.3897570772971224], [-0.540458412851304, 0.392387081507285, 0.7442694957100181]], "fy": 4627.300372546341, "fx": 4649.505977743847}, {"id": 98, "img_name": "_DSC8778", "width": 4946, "height": 3286, "position": [-2.2842637475207317, 0.4736436443371813, -1.8192553954888624], "rotation": [[0.619790222384949, -0.2305570634209869, 0.7501356682245597], [0.22118675264425766, 0.9684390834818768, 0.11490066161458974], [-0.752951858149446, 0.09470576588293625, 0.6512252430747928]], "fy": 4627.300372546341, "fx": 4649.505977743847}, {"id": 99, "img_name": "_DSC8779", "width": 4946, "height": 3286, "position": [-2.566291993068685, 1.3085752962945787, -1.8427955131801848], "rotation": [[0.640914600207295, 0.19831028944522905, 0.7415534399766968], [0.1735025423259283, 0.9036258442538773, -0.39160847973825474], [-0.7477468442244088, 0.37964899933572466, 0.5447396573188152]], "fy": 4627.300372546341, "fx": 4649.505977743847}, {"id": 100, "img_name": "_DSC8780", "width": 4946, "height": 3286, "position": [-2.711583472489279, 0.054828661432620864, -1.231758164466783], "rotation": [[0.42598132097945246